973.5182
447.74963
521.0119
291.24756
424.14212
275.24213
247.44366
356.7957
239.14528
307.4925
445.58908
185.26222
227.31688
161.61264
334.4075
144.00746
171.20563
168.00758
131.55019
152.61282
151.30113
257.81577
193.37242
118.76455
126.72949
155.71771
228.68784
158.3775
134.80396
109.441826
151.25299
135.8163
103.99385
234.48859
115.214165
137.85248
120.30582
160.48834
106.170044
166.17572
119.93445
116.263435
133.97026
95.938484
140.0973
172.41719
92.64874
119.317604
122.51694
94.16004
92.69385
87.47948
104.61694
103.06589
85.36493
112.70354
83.203995
112.03616
92.73721
81.529045
90.20645
86.24343
92.75905
96.28462
81.924194
77.98256
92.406364
81.93803
77.0652
81.09565
93.96624
77.595184
78.9945
81.104324
76.64254
75.95736
74.76148
96.11862
75.05869
75.81297
74.885185
75.8413
74.84581
75.866585
74.92056
79.42764
77.12989
75.81473
75.617424
90.11031
77.013214
72.58382
75.36325
70.902145
78.12521
71.04265
76.34472
72.93506
74.17743
73.44253
81.162056
70.19493
92.95994
73.89399
70.86003
83.79208
69.62839
72.05883
69.95739
67.958015
76.17252
69.40387
67.70472
69.35483
73.50468
67.78591
72.0382
68.76496
69.14785
69.40954
66.454575
82.72765
71.54495
80.28777
69.0318
70.84261
65.9206
67.306465
75.15464
66.542046
70.11052
66.39738
67.024185
65.85128
68.41062
66.58726
69.59883
66.36005
74.02456
65.87655
65.46563
65.49223
65.58849
64.94355
69.810234
67.926605
65.84734
67.128365
64.28319
64.79703
64.7467
64.760445
66.2596
65.23736
63.887814
65.39083
63.926876
65.09589
64.47
63.776512
64.05039
64.0337
64.85725
70.88675
63.776
63.90204
62.88052
63.541565
62.983585
64.73084
63.029087
64.54944
63.070763
63.215733
63.01521
63.447044
64.1233
63.199207
62.756813
64.56076
63.979233
62.672226
63.916325
66.061516
62.79076
65.14335
64.16358
63.321762
64.62235
62.29504
62.441235
62.87427
62.201134
62.095314
61.903065
62.00083
62.23508
62.79116
62.11232
63.02129
61.52808
61.880478
61.81974
61.55048
61.69757
62.310204
62.832993
62.620274
61.502293
63.010193
61.468456
63.276047
63.44318
62.0756
61.455627
61.925327
62.325256
61.887657
61.328285
61.11592
61.8876
61.743465
61.79368
62.70237
61.28668
61.88285
61.487278
61.769913
61.74834
61.734215
62.567
61.003807
61.615982
60.76376
60.921032
61.109188
61.80897
62.38954
61.849464
62.588135
62.793934
61.613033
60.934006
60.954784
62.860035
60.905678
61.385952
66.56224
62.56696
60.658848
60.716408
61.109432
60.667057
60.92361
60.89138
64.078636
60.62418
60.68142
60.826393
62.479496
60.615074
61.095226
60.538086
60.67549
60.211414
60.28766
61.11122
61.387024
60.67107
60.81868
62.69301
60.377148
60.523575
61.022324
60.506176
60.810352
61.554012
60.80629
61.001198
60.0636
60.68351
60.61529
60.468384
60.650013
61.216427
60.40476
60.42019
60.02435
59.896935
60.201572
59.843822
60.90281
59.83536
62.2328
59.905888
59.93944
61.031456
59.9442
60.391087
60.36936