650.187
622.56946
452.73547
935.4231
447.7089
314.3828
216.04732
559.84784
405.37607
302.88162
281.874
364.34705
238.6643
206.90675
229.6894
187.41217
166.72058
322.1135
253.15733
300.1349
492.9757
120.297066
123.025536
226.8608
175.62286
127.145485
157.01262
118.39641
122.95662
90.266045
143.09267
281.78036
102.049164
124.04886
181.04828
127.805885
98.22476
98.225
81.07645
103.11414
123.14846
221.73033
101.935394
90.04416
112.77693
84.401726
86.61798
86.350845
109.72513
152.10239
93.34692
119.993164
79.355194
109.60728
76.746
154.39992
75.83106
74.16096
100.002045
89.975006
78.483475
71.72598
117.37326
78.40576
84.81998
88.302574
74.21711
75.13711
144.86775
113.86346
81.31326
128.17328
90.55897
67.4685
76.76058
65.42312
84.26383
68.55358
77.13614
88.780624
68.90712
82.89576
65.04372
64.22295
77.14874
70.4161
69.8281
78.312706
68.63709
66.73228
61.5439
76.32313
64.55081
64.39648
85.582085
59.612698
65.781075
65.27472
61.472164
67.567566
60.570362
59.115932
61.956837
58.29962
90.094536
59.6524
64.32571
57.696777
58.852345
57.947678
56.958664
57.335995
57.619686
57.184338
58.703907
66.49479
56.407528
58.666203
57.62389
63.565292
57.926895
59.489136
55.411198
62.573742
55.64691
55.444485
55.681076
55.702686
56.920567
66.291084
56.851612
54.787045
59.2449
59.506348
54.62164
55.718002
54.66242
54.29691
58.90503
55.250126
54.147472
56.410984
54.75426
55.170166
59.038868
55.3925
53.63716
56.544445
53.785446
59.099743
53.447792
53.884644
57.357605
53.132572
60.88618
53.85087
53.333317
53.470226
56.827763
53.618748
53.251442
53.348488
52.885696
54.65178
53.618935
52.86943
53.27704
53.147633
54.344387
54.322403
54.021835
52.753757
52.908077
52.39189
54.7084
52.491817
52.920555
53.49518
53.46366
52.62416
53.34944
54.59253
52.510033
52.655895
53.561398
53.44125
52.79861
52.323856
52.37948
52.523167
53.267273
53.343845
55.336563
53.490685
52.124584
53.043686
52.670666
52.804012
51.800735
53.246338
53.311405
52.1771
51.867393
52.24829
52.325314
52.131687
53.22645
52.659996
52.31796
51.87759
51.470993
51.985107
51.771988
52.09103
51.64629
51.841232
52.440163
51.37172
51.808765
51.3547
53.952164
51.59235
51.29095
52.231785
51.26515
51.79535
53.248966
51.11298
52.42123
51.96256
51.370174
52.098488
53.311623
51.758396
51.75389
52.099133
51.527126
50.876514
51.817177
58.918747
51.653324
53.396618
51.67261
52.09867
50.82522
51.592617
51.90433
54.1339
51.6094
51.420597
51.745907
51.1145
50.720055
50.89293
50.794945
51.130337
51.7
51.078476
51.24579
50.724976
55.991955
50.53517
50.91499
50.780308
51.435684
50.34349
54.29358
55.190113
51.056713
50.200367
50.336227
51.703537
50.832424
51.02632
50.58527
53.84905
50.902527
50.60902
53.279137
50.418934
50.12294
50.636684
50.661564
50.66072
49.953014
51.208836
50.332558
56.23085
50.259525
50.339417
50.634315
49.86639
49.75011
54.633175
50.2911
50.071518
52.9593
50.09462
51.61824
49.610306