522.3509
356.0002
561.8272
546.3925
273.3013
227.00536
215.79086
187.1131
188.57
253.76085
184.4556
183.39902
155.21901
364.25848
386.21475
132.11707
187.55635
138.19415
141.16356
154.27872
134.64806
115.87415
118.01385
149.12044
138.51929
125.70853
200.13441
194.54755
102.633415
104.59831
98.97739
98.486824
99.302345
100.21534
94.5509
90.415115
85.97137
87.143105
107.82789
89.52968
86.15203
92.04745
108.859856
82.26401
82.96329
99.11785
90.12263
79.350945
76.41371
79.55068
79.801765
75.68704
99.86569
79.10757
87.93591
84.83141
81.71037
84.98668
79.109726
109.67197
81.0471
73.330536
77.8368
73.23423
81.275536
77.45063
72.13813
66.028885
69.64421
75.10859
66.53537
80.509056
70.887764
67.65601
79.685455
65.925545
67.64393
64.36767
70.45523
73.71341
65.293785
63.697643
62.736355
64.030304
73.084946
63.301647
61.33577
61.757694
64.3928
64.08472
59.846054
64.86858
67.19494
59.46501
62.42008
59.672043
62.099155
59.29436
60.343727
59.375893
65.93794
58.285465
64.34744
58.05747
62.466465
59.97249
58.189392
60.631535
57.497513
56.677597
56.60525
56.607925
58.995346
57.673355
56.919277
59.51097
56.493237
58.301235
56.29733
57.254967
54.99915
56.547485
58.64856
56.015507
55.010166
54.713863
55.431686
58.69556
55.000187
54.186195
56.78489
55.158276
54.965504
60.851364
56.754715
57.694958
58.89226
54.16129
56.05364
53.844967
59.9566
54.276745
53.869152
53.934376
54.825504
53.62357
53.88238
52.944138
54.990574
52.952084
52.741848
53.578335
52.866184
53.304283
52.714428
53.552773
52.759274
52.461136
52.199158
52.155495
51.93674
52.559616
52.18966
51.949646
52.487926
54.478577
51.906998
51.778294
53.828358
51.756687
51.885616
51.61243
51.409805
51.228573
52.222008
51.726074
52.93386
51.688953
50.973312
51.66096
52.16595
50.868946
51.070065
50.9625
50.92334
51.280827
51.237057
50.77754
50.801064
50.6765
51.265526
51.115494
50.587563
50.24004
50.777805
50.16434
50.514454
50.48679
50.202663
50.11174
50.185593
50.277645
50.79833
51.01862
49.85875
50.18132
49.811546
50.222694
50.03506
50.354675
49.8168
49.86537
52.21417
49.961365
50.162975
50.482056
50.00795
49.88756
49.97112
50.238113
49.791016
49.83942
52.86716
49.49553
49.759594
49.738842
49.68761
49.749035
49.665
50.0025
49.587925
49.49718
51.406204
49.541775
49.41773
49.128136
49.58585
49.431545
52.020313
49.684887
49.368443
50.250267
49.550045
50.264896
49.117725
49.503895
49.662598
49.753796
51.21678
49.5894
50.766495
48.998558
50.36824
49.20746
48.991013
49.51636
48.994076
49.12295
48.92677
49.198807
49.47545
48.8299
49.176907
49.283863
48.64927
48.670483
48.6402
48.69959
49.012917
48.647953
48.4331
48.91787
48.79213
50.378418
48.583717
48.502674
48.318924
48.82051
48.52051
48.595936
50.93667
48.569386
50.31619
48.288353
48.32572
48.294945
48.212673
49.30017
48.08455
48.381405
48.30161
48.252365
48.07539
48.251633
48.258068
48.074535
48.726505
48.444363
48.897617
48.124893