2357.3389
1307.1321
1042.7391
733.3287
966.58325
1355.3514
459.3785
401.15027
439.28577
404.29276
480.63147
599.4293
903.1103
735.707
957.56323
425.34943
408.26407
412.67346
358.57474
1584.1212
468.62256
334.88766
461.75897
356.1295
401.99637
539.1407
630.05035
1054.0728
407.22278
332.0837
335.44568
1208.3134
320.9486
401.44296
309.57565
647.4358
324.81277
402.6424
335.3363
278.64758
416.0538
306.93332
594.148
353.64148
282.36115
262.80267
777.6143
530.94824
446.2836
456.60077
1031.838
378.76553
365.56033
338.1378
335.2929
783.2065
458.3041
613.73206
407.68338
358.46783
316.08856
565.6947
561.26044
311.8617
299.6045
381.75388
303.62283
297.11826
276.69934
265.43802
249.39342
236.54916
424.35233
361.73712
290.74075
268.73004
267.86975
241.61754
560.00055
223.46625
1901.6458
358.7537
1444.8617
741.0223
1280.812
419.0798
312.0325
279.03326
258.60367
247.75508
239.68475
235.88847
252.38177
210.78883
249.58784
205.81049
202.44855
1024.7125
2159.9146
1978.8367
1859.3867
1675.05
1514.4995
1176.2377
400.50208
249.52026
206.90712
199.40025
196.28229
226.7223
190.31958
1970.5753
233.27979
204.40756
195.4288
190.50395
187.3897
8742.551
4594.6045
1885.2413
404.22952
268.31403
240.91112
221.7624
862.4603
223.05809
212.22372
207.73746
5120.493
3816.7156
3260.376
2941.4963
2362.6318
1547.0164
627.5382
305.05518
236.0039
222.21095
215.39482
209.29044
203.39326
197.90367
194.58286
190.76556
188.13222
186.67374
225.6547
189.35591
186.70712
188.03633
6078.9683
6955.7065
6839.284
7208.4595
7095.3955
6957.745
7830.773
7857.008
7618.494
7144.747
6741.5107
6494.892
6663.106
7217.5684
7413.155
7224.6504
6918.3516
6449.5347
5967.147
5701.856
5415.773
4998.6606
4395.9175
3841.5554
3068.275
2047.9917
5316.7676
5237.7886
5154.7476
5153.9453
5153.642
5138.1587
5137.811
5148.0186
5155.2686
5181.558
5164.956
5255.0244
5370.512
5445.775
5373.8687
5260.1226
5251.74
5109.9204
4827.3906
8238.048
7457.7173
7314.3643
7056.4956
6700.7095
6383.43
5607.476
4300.4355
2532.4958
1448.2632
562.1843
289.86237
251.92365
235.06757
222.59459
219.29103
231.8312
208.27211
202.76772
199.81499
196.95982
192.11714
194.55695
191.2918
185.63039
182.40013
182.96544
180.24246
178.35437
290.39505
179.14694
176.87135
176.09166
176.2572
176.16803
175.02936
174.46143
176.20811
173.16866
171.61424
170.82701
171.21321
168.83588
169.04422
168.01726
171.5014
166.47446
165.81299
164.43773
177.37611
163.2657
175.35481
160.64673
162.9034
160.4262
159.15265
159.51057
159.1811
170.04999
158.44522
4032.7297
4220.9004
4415.3354
4603.5845
4825.4917
5154.081
5658.4565
5984.1562
6637.97
7256.265
8032.0283
11460.249
11174.098
11466.362
9429.17
9134.348
8979.749
8826.949
8559.163
8467.229
8466.461
8308.496
7861.755
6860.492
5895.157
5251.1016
4326.482
3122.6406
1433.0409
204.0476
186.85057
181.27333
194.56816
166.69069
164.42674
162.43521
160.7892
159.81392
260.33273
182.37442
161.82327
159.18555
158.36432
157.82088
156.84552