511.66904
815.31354
423.4885
294.84717
243.02565
249.04805
308.82953
244.0521
204.46323
311.0166
273.32153
222.0297
207.88869
202.90132
166.26405
179.61829
190.47563
149.04407
184.40294
155.46994
191.56244
178.04295
134.92198
158.27455
122.15576
156.10333
127.09807
145.48915
124.13663
120.23909
159.40077
125.2127
113.02254
111.93436
124.562164
162.19684
127.451164
131.56627
131.77016
114.05784
106.30705
112.35237
105.82378
111.97449
106.98525
98.89302
109.90776
95.598885
96.49293
100.92725
97.95586
101.353294
136.95038
94.00938
129.2731
91.98999
99.86075
103.84145
112.37917
115.8116
97.978905
108.302765
91.36516
87.6842
88.689766
97.925285
95.78311
89.139946
98.69743
91.17852
89.671776
89.50788
100.67405
82.74992
90.802155
80.676384
89.32476
87.70241
81.82996
79.95962
101.86048
83.21054
87.14891
77.356674
79.46375
83.641106
84.869705
78.10906
82.3671
76.83145
76.4471
78.11846
78.46744
76.16745
76.79499
78.61808
77.56493
80.80532
74.99628
74.806946
79.79813
75.39096
79.665886
74.444954
76.36065
75.51553
76.5214
73.37398
73.65814
75.34108
74.83128
78.664536
74.50121
74.31524
72.87635
72.73668
73.0343
73.208084
72.10554
79.58448
78.61899
76.50024
74.37177
72.005486
75.513054
74.62475
72.2191
74.98992
73.254486
71.61142
71.604095
72.10951
71.78883
71.41064
71.36428
72.264275
71.17098
70.87505
71.23834
71.44595
71.02176
71.75068
71.54733
70.32989
72.7166
77.802376
71.41531
71.95122
69.36335
72.732025
69.49346
70.47796
71.08066
69.7474
70.54929
69.88443
70.25292
71.17988
75.82964
69.871
69.16135
69.51533
73.09778
69.04377
69.43958
71.241356
70.56809
70.8962
70.51882
69.2251
73.120834
68.84127
68.807785
70.55248
69.439156
68.78649
69.11066
68.14489
69.146324
68.92532
70.99702
68.10044
69.443535
67.89277
68.306885
69.24287
68.24763
67.99021
69.150566
68.036224
70.26282
67.916306
68.49612
67.652435
69.17108
67.68759
67.95587
68.89821
68.239716
67.80909
68.00031
66.858
71.18354
68.61089
68.61651
67.8899
68.5012
67.610054
67.012146
67.376915
66.742546
66.93518
67.590004
66.68332
67.86722
66.92569
68.26311
66.72822
67.11439
67.41223
66.589264
67.74755
67.49944
67.166016
67.22434
66.62386
66.36415
67.65517
67.3683
66.75853
66.238655
66.745964
67.3016
67.28076
66.57283
67.0978
66.66558
68.359436
66.38095
67.17094
66.695526
66.18177
66.558495
66.08869
66.75146
67.73206
65.88728
66.76596
66.21252
67.362236
66.09305
66.118256
66.29195
66.628494
65.84732
66.51032
66.00523
66.33801
65.91678
66.53329
65.97396
67.23854
66.11667
66.079056
66.142975
66.26956
66.43996
66.51373
66.05606
66.34104
66.78687
67.05714
66.17064
66.20745
66.07538
66.54879
66.3168
65.81326
66.22586
65.758415
66.65251
66.256
65.981155
65.99707
65.57952
66.41248
66.04462
65.84468
65.78125
65.5405
65.52277
65.94524
67.13714
65.71238
65.61258
65.6771
65.638725
65.72705
65.58283
65.48798