859.4317
974.40155
409.1741
266.22278
280.47394
332.75424
325.61215
291.99728
282.28098
695.62494
293.82483
235.87646
169.92358
156.82486
257.48767
821.8826
187.75963
280.39484
146.5439
198.37715
127.10283
131.76218
341.6948
125.19791
202.4536
115.49036
222.31993
219.13106
130.93797
231.56615
126.87556
108.02632
238.11452
114.93479
91.68058
132.9174
105.612015
151.86708
146.0422
278.42404
113.335526
109.96074
112.32465
119.51414
98.278145
126.93688
94.228195
87.45864
227.7147
121.88938
82.32764
168.08286
87.10075
79.37265
80.321976
90.03966
76.74304
74.876495
81.39135
132.02122
98.407684
77.13223
79.47068
73.9731
72.66588
73.590164
79.41916
93.40136
73.80134
68.451805
101.47723
71.10531
72.79522
117.77522
80.39748
68.95643
71.24025
200.2217
99.7812
65.64916
65.16081
71.37277
161.0973
73.42689
66.64245
140.61195
154.61563
75.062965
70.641045
96.97617
141.50893
65.70712
68.88953
68.8963
63.79933
89.915535
143.10509
63.660168
62.305454
80.97029
65.3023
62.36398
75.8041
62.96024
60.581776
60.6702
75.407745
60.6965
64.5456
64.12331
61.681385
62.684444
60.696045
81.66643
60.590343
62.72367
63.7514
67.77822
62.813625
71.66821
59.24557
60.506203
59.985523
59.944054
62.407337
58.165356
58.54736
59.14209
67.26258
57.936153
63.358326
68.64985
74.18435
59.42714
59.553383
59.204533
57.576603
61.49261
60.196823
59.23923
58.814255
56.607174
56.59158
56.947594
59.567753
58.944515
57.6256
56.636257
56.535805
57.039783
57.661278
56.783386
62.562717
56.361855
56.109676
71.625824
56.377796
56.544804
56.076416
57.295116
57.65605
60.252903
56.576355
56.687767
55.189587
64.794136
55.70001
56.49207
55.480442
55.472927
55.84315
55.6109
70.02599
54.829105
55.89341
55.448704
62.69265
55.406483
55.57104
54.686527
56.079845
55.41049
55.13223
55.058376
55.692978
54.87084
54.79535
55.864487
55.630764
61.1814
54.77318
56.536037
65.77923
56.009644
54.4072
55.462635
54.5988
56.6048
59.824486
54.68009
56.96228
54.08118
54.003292
54.782093
54.35175
54.84529
54.48911
55.591503
55.68237
54.365005
54.171017
55.70433
53.845848
54.69731
55.645508
54.37358
56.139416
58.779186
54.076443
54.443314
54.64116
53.463608
54.498478
53.709362
54.92903
53.558933
54.374428
53.565907
60.76016
53.270252
55.03629
53.10745
63.66045
53.523952
53.75006
65.89673
53.562077
53.872486
53.1152
53.901268
53.203243