1548.2593
367.20398
362.86334
555.6962
457.2502
222.12549
693.3575
514.3032
477.10294
399.2253
260.59094
214.39922
279.97742
137.4607
305.67047
142.86592
469.95398
1071.6349
162.42499
155.9018
109.21284
116.80967
111.23872
422.79822
133.6483
124.49426
142.9812
98.3124
108.18933
236.4502
240.43019
162.76788
186.12904
87.56782
108.77847
135.75995
98.221
106.20583
90.68178
138.57108
82.71989
81.91186
97.90014
85.40559
101.32494
90.766464
117.8344
91.371414
79.83441
77.36199
188.47466
82.87179
79.70381
76.431015
73.03439
110.071434
93.76094
254.96437
78.75715
98.673584
74.486664
77.651215
104.176506
73.11014
73.75715
68.34836
104.19306
91.45323
68.40716
71.730385
69.14423
148.44325
82.45253
67.13858
65.76252
68.09693
66.234146
75.4573
74.03107
64.74179
70.91311
74.53144
64.7079
83.37433
63.974026
83.41331
62.11245
71.27725
67.28578
213.94005
65.56104
62.21364
76.14695
61.317078
60.706665
67.93649
67.26549
59.96251
59.481216
60.897915
58.737797
60.4547
59.71819
74.05388
65.63642