935.793
601.83795
495.3275
1384.6294
295.89612
3483.5115
288.2498
249.76329
351.5028
221.96063
223.95323
333.4285
207.73384
184.13686
137.74666
263.2533
162.70328
185.40973
123.44628
171.74416
274.1642
117.90522
132.52786
137.87405
119.94551
117.5075
235.20444
138.80267
108.07105
182.14777
95.57848
234.17706
128.53958
95.638916
102.58542
192.9231
84.64191
99.73804
156.8727
80.31855
100.45551
86.31635
91.68628
74.738556
91.02963
73.8839
71.76872
73.88834
134.16792
73.4861
79.18412
77.77058
71.14503
71.5043
130.08821
83.239204
80.440445
64.10925
66.24664
64.65172
68.45011
68.00837
64.79893
67.05262
64.03522
72.67121
110.728226
58.100845
60.119694
69.10617
56.993343
57.33124
56.03525
62.85948
71.36286
57.718113
63.144276
54.722084
67.04755
61.542652
53.550488
53.965256
55.48538
54.599926
65.8437
54.731796
52.840942
51.51216
54.673996
61.732956
53.497585
52.30675
52.904892
51.727524
80.28365
51.824955
52.95302
51.08337
52.744946
51.29165
52.359947
51.448734
49.896095
50.50979
50.675735
50.756935
53.428833
84.69112
48.916195
48.967796
49.29425
50.35998
49.99595
48.660313
49.830875
72.77975
50.21252
51.89181
49.735256
53.64655
51.964417
48.00122
48.555984
50.007973
60.9417
49.34222
50.432102
47.10934
50.39877
47.430874
47.422585
47.97183
46.97866
50.363613
46.556553
47.262547
47.248684
46.312634
47.29169
46.36656
46.58221
47.130787
46.69645
46.53694
47.616337
46.88784
46.377247
45.977005
46.443798
49.047623
46.367188
46.037884
46.557713
46.003326
69.64222
45.91013
46.422474
49.76486
45.264935
47.66248
45.640133
45.58553
47.281925
45.4223
45.392452
46.162426
44.951797
45.16207
44.92723
45.67821
44.697388
45.059696
45.30048
45.15373
45.042027
57.468014
44.468525
46.989468
58.92654
44.764065
51.27624
44.343307
44.533463
45.08106
45.399723
44.741867
44.046104
45.467216
44.753323
44.683018
44.04029
43.994408
46.360085
43.903244
45.15188
45.596504
44.064735
44.96194
44.394608
43.96483
45.010555
43.64455
45.79166
44.04726
44.02768
43.610565
43.617344
43.44849
43.71933
44.016964
43.160114
43.85832
43.73944
43.638584
44.18849
45.781662
43.20621
43.671265
43.763554
42.995052
43.536716
42.999237
43.214676
43.83345
42.89968
44.42898
43.20783
43.48239
42.96963
45.818825
43.188335
43.174908
43.236027
42.819366
42.639206
42.824387
42.743313
43.275112
42.655064
42.95189
42.679947
43.668552
43.139725
42.680313
42.85892
43.586437
43.053425
42.648262
42.857376
43.9182
42.528046
43.41298
42.65071
42.974293
42.59178
43.13899
42.551765
42.69126
43.18996
42.806934
42.51875
42.601334
43.780987
43.473766
43.4082
42.42961
42.671856
42.758877
42.39882
42.4751
42.31159
42.574924
42.84441
42.283157
42.35632
43.549454
42.29764