962.0925
409.60138
358.6485
271.82547
556.34863
246.63478
410.69308
235.15321
221.95827
282.63263
197.73457
193.5934
220.4542
249.92157
155.52048
199.37881
239.76439
163.76317
191.61224
176.65077
158.72902
199.65228
181.11847
123.37979
136.70062
128.1118
129.4096
136.48282
151.74318
116.47349
120.23076
133.11916
120.95287
101.11175
105.35906
109.83375
103.81758
109.90029
115.77502
100.70242
102.469215
98.72849
129.43314
111.40502
100.960815
148.59381
97.22656
143.00426
89.833855
88.427864
110.14157
93.69396
101.8521
87.683525
95.596504
87.73287
88.8238
85.088585
147.699
89.61704
86.18236
90.836044
105.6042
84.00153
95.465935
91.44543
85.143295
93.46956
79.985634
100.17056
81.81697
80.772606
85.88793
79.045944
104.415825
81.88324
77.8656
83.77665
77.22143
79.10504
78.72007
93.494415
95.81533
89.78189
85.80064
77.353935
75.49087
74.16572
76.24341
91.60267
81.0394
74.56486
83.33839
72.15296
73.37557
79.503204
72.76033
76.39543
76.43133
78.69805
70.95521
69.94412
80.25722
73.01988
73.803314
69.88986
71.51104
69.421906
73.573425
70.693565
67.804756
69.701096
68.37651
67.47315
67.91573
67.951935
78.72323
69.16318
71.12929
74.75522
68.38501
67.90133
71.71923
69.52604
69.27296
71.32861
70.70996
66.7941
70.34077
66.110115
66.3892
67.03544
65.61117
67.639915
74.4256
65.88878
70.0604
65.58532
66.75168
68.33827
66.41225
65.029594
65.13871
65.97122
67.14796
64.69024
67.632195
65.979164
64.45483
66.768974
66.336334
64.60029
64.414185
64.230415
65.415596
65.72108
64.19635
64.15573
64.13794
66.14435
64.467026
64.89954
63.708237
65.55881
66.26559
63.65015
63.63396
64.16267
65.935936
67.21643
63.554222
63.50757
63.559376
63.88031
63.510963
63.582386
63.382023
63.135006
62.907497
63.394413
63.8163
63.189774
63.357212
64.05226
63.839233
62.878403
62.959896
62.933434
63.202892
63.094296
62.924282
62.92456
64.06082
63.20085
62.613476
62.542797
62.975258
62.993263
62.883312
63.400974
62.596035
62.934055
63.205654
62.615673
62.850403
62.711685
63.053085
62.56936
62.253345
62.6548
62.1645
62.804237
63.526356
62.252953
64.40327
62.565712
62.370304
63.127987
62.332413
62.799747
62.60706
62.411243
63.726974
62.332615
62.170517
63.50555
62.667725
62.42255
62.07098
63.456905
62.37311
62.03899
62.25084
62.862453
62.616837
62.401234
61.708035
62.119034
63.087814
62.119534
61.880787
62.271603
61.910656
61.76689
61.67242
62.827232
61.865067
61.85222
62.112648
63.059372
62.742783
62.29935
61.47854
62.15143
61.95221
62.0537
61.74029
61.660458
61.855007
62.081726
61.660145
62.201656
61.711365
61.603165
61.51952
62.346985
61.78388
61.656593
63.265663
61.622593
62.056274
61.375973
61.54679
61.820778
61.54369
62.27284
64.721565
61.71121
62.08341
61.584354
61.467373
61.208313
61.341076
62.903725
61.103687
61.438683
61.50254
62.224003
64.51271
64.290085
61.271225
61.886906
61.162045
61.79288
61.720886