791.54663
379.39874
332.35785
340.76245
289.92462
223.9413
258.12036
197.39769
200.63097
279.80066
181.21536
217.66237
202.66815
148.5112
181.89972
141.08788
135.64824
199.60551
138.87929
119.34677
244.80273
129.45111
184.26451
235.79716
154.39398
122.493744
113.50642
120.098
113.71241
105.24301
100.77588
113.40305
107.953804
128.5288
100.55346
101.884834
101.25061
103.51832
141.92848
112.92288
93.02448
92.04264
93.7429
121.8592
87.94177
106.94832
99.19642
93.547554
92.61718
81.884026
84.43816
84.7021
81.79498
80.31937
93.46695
78.89218
118.772
77.55632
218.96657
77.70326
76.225945
75.9267
75.63397
81.331245
85.18642
82.53179
77.527
78.51936
79.24999
76.99298
75.538055
79.062706
71.7164
74.96457
76.02707
71.606224
71.83189
71.33726
72.82938
69.99317
70.24832
76.368355
68.43758
85.85556
73.69504
70.36256
68.070724
70.05432
69.05969
70.10411
87.298676
66.0263
79.471504
77.65607
66.42067
73.46535
69.603546
65.30878
68.17191
82.73429
65.44149
72.97303
67.19776
64.03838
64.819145
67.82183
63.629566
65.32755
63.571335
62.92092
64.69843
63.214188
63.423084
63.96622
63.34473
62.449986
62.80275
62.5286
62.197254
62.670425
61.902206
62.347633
61.4343
61.34871
65.98006
64.19687
64.559944
60.725014
64.65539
63.7397
60.97613
61.091393
61.36029
60.135082
60.638706
62.445507
60.894176
60.463444
62.158707
60.43417
60.30469
59.944702
60.579163
59.75918
59.227627
59.277515
59.345325
59.59907
59.77887
60.916832
62.849308
60.835632
61.76161
59.253075
58.883102
58.975964
59.710575
59.911636
58.87388
58.703365
58.849503
59.465866
59.672165
58.66235
59.75901
59.044003
59.77802
58.386757
59.07191
59.3442
58.64116
58.265297
58.392906
58.535168
58.380337
58.408276
58.956905
58.666805
58.70422
58.192204
58.26229
58.21288
57.92783
57.71183
57.928383
58.727184
58.31043
57.75399
57.83644
57.882328
57.58698
57.87395
57.39795
57.560986
57.466347
57.340427
57.22674
57.89301
57.774654
57.33479
57.549557
58.03142
56.927917
57.203075
57.08793
57.592567
57.16201
57.426846
56.970432
56.977737
57.317772
56.807423
57.51095
56.627895
56.854347
57.16437
56.731216
56.833908
56.505543
56.963932
57.15798
56.60802
56.6317
56.917343
56.77836
56.612553
57.01029
56.428234
56.45074
56.931015
56.585827
56.55835
56.5939
56.723545
56.46143
56.232273
56.275814
57.88579
56.386276
56.741093
56.751583
56.211685
56.265137
56.13046
56.22632
56.616837
56.57875
56.39922
56.015182
56.56846
56.305626
56.15735
55.93664
56.239742
56.13445
55.987156
55.999386
56.564014
56.10027
56.07172
55.82262
56.04571
56.35583
56.032887
56.662888
56.05459
55.69076
55.89094
56.90753
56.122547
56.037292
56.00806
55.835716
55.800354
55.8651
56.4281
55.62588
56.09004
55.69791
55.666237
55.819286
55.620632
56.78125
55.830296
55.664425
55.468483
55.48965
55.887596
55.83413
55.766674
56.31687
55.93274
55.856224
55.52875
55.55405
55.346275
55.495434
55.682705
55.512917
55.471397