960.98224
510.43222
312.1531
320.51044
298.7595
281.71048
196.31079
224.56737
200.87212
181.9603
208.0066
296.73465
169.02211
153.18588
160.63062
148.90968
137.12697
151.62144
256.78796
171.72966
156.81166
117.19932
120.96142
193.82681
174.87311
121.3579
215.15843
114.596634
100.18306
126.550446
156.14833
97.46465
112.40854
104.81079
96.233696
91.4617
110.032234
178.36835
99.0394
90.68564
120.68049
92.08492
84.46669
92.48162
85.45845
84.34915
176.79774
81.02618
92.59316
83.18751
93.2241
78.20909
87.586006
80.46699
94.50677
75.94117
81.07972
91.93827
78.69939
77.900604
81.09879
73.58602
73.41532
78.85259
75.66788
139.44157
92.29425
71.90864
86.83525
73.94034
123.356125
74.391815
70.27426
71.15792
69.90789
73.844505
68.96784
89.24897
74.217094
73.55321
84.22541
72.09782
66.71987
66.82124
68.08157
71.08213
65.228546
71.32647
76.86011
67.48892
70.55656
63.311672
68.181046
69.43577
63.876377
71.53578
65.478516
63.03749
64.63412
66.09009
61.732872
67.08884
65.00907
71.729485
65.479645
62.866085
65.431335
60.686428
63.125916
63.447952
61.848827
60.692165
62.799564
65.406456
60.073204
63.463577
62.154514
60.626286
61.285233
65.35595
62.358738
59.860416
59.76794
64.85409
59.821793
60.112614
61.22202
61.947056
59.482277
60.48892
58.54413
58.654606
61.69311
58.599266
59.843483
57.970387
60.246822
58.71234
58.358273
58.449112
58.088566
62.873356
57.26686
57.750027
57.306797
57.680515
57.420692
58.46472
56.908207
58.044125
57.474014
57.11472
57.372143
56.874393
56.78216
57.04227
56.859623
56.770042
57.73077
57.30618
57.409805
56.616055
56.31371
56.82584
57.55044
56.126183
59.188572
56.15173
57.302074
56.87163
56.085205
57.153446
56.139694
56.92184
56.480934
55.83279
56.485146
55.883484
55.818527
55.722034
56.001663
55.734142
56.318653
56.378628
55.804134
56.562344
55.52271
55.503117
55.55968
55.85821
55.706364
55.9729
55.296055
55.1936
55.584312
56.465405
55.800655
55.84712
54.92389
55.144726
55.229366
55.346214
55.041733
55.743237
55.1979
55.31397
55.133926
54.727177
54.783226
54.798695
55.199596
54.642174
54.85082
54.736744
55.133976
54.435413
55.18733
54.97822
55.026974
54.835182
54.513893
54.557133
54.601
54.556103
54.509254
54.835087
54.600723
54.41177
54.66715
54.5757
54.247215
54.57323
55.195858
54.41831
54.28475
54.21437
54.216015
55.44429
54.19249
54.257595
54.325546
54.551754
54.382004
54.272923
54.024014
55.35046
54.10306
54.78564
54.21493
54.01941
54.164955
54.27331
53.91357
54.120834
54.08097
54.237904
54.137634
54.567165
54.043053
53.79905
54.102306
54.314198
54.248634
53.968346
54.193882
54.01566
53.73441
53.761864
53.845715
53.72849
53.783207
54.92911
53.884464
53.870995
53.63562
54.112827
53.65076
53.871548
53.856007
53.649952
53.91958
53.537743
53.94669
53.679466
53.694187
53.934433
53.418034
53.776318
53.53503
53.56634
53.668198
53.511307
53.517605
53.584545
53.443615
53.621334
53.53373
53.202835
53.555836
53.41161