710.8477
430.79718
466.10617
303.1116
299.4464
346.53372
273.61185
215.17036
167.11742
169.2498
169.62555
157.08261
141.06708
136.4553
152.09344
192.02728
177.33058
133.26381
157.28291
117.77622
126.67292
168.14197
118.31751
128.39516
133.38441
175.98746
135.62537
118.94628
153.33229
116.26657
131.17934
163.01027
108.30683
157.29965
103.922676
136.65746
98.57368
100.57896
126.72383
91.42053
128.71617
92.17856
98.13323
129.34569
100.115364
120.47268
92.4809
87.82175
88.00131
142.38309
78.030525
79.25645
126.35505
81.27675
90.294
80.20405
79.096466
84.062386
82.25897
75.98585
75.16692
81.62415
77.43454
102.93122
74.69809
77.303795
81.90802
72.41678
74.61323
79.03027
70.403404
71.02193
78.384125
77.422424
75.27595
68.140015
74.75268
68.03157
74.01218
74.68879
77.20561
75.0424
68.13501
68.66712
69.30979
70.51578
75.90977
69.44184
64.254425
85.45378
63.98666
64.9963
70.178535
64.29687
67.58459
63.67379
62.38049
64.97715
63.280167
66.33292
62.988747
64.768745
71.548706
66.875824
63.880447
60.887196
63.80012
66.528015
68.90893
68.50952
65.54288
64.122826
63.039158
70.802864
59.818283
63.043217
76.38713
60.275658
58.309093
59.458664
66.20778
67.266846
76.96192
61.382633
58.540737
56.40408
56.993347
58.574722
55.865566
58.966957
56.014683
59.106686
59.800205
59.201694
61.12444
55.662926
58.635193
58.035717
56.067078
57.00384
54.738773
57.9543
60.919445
55.373306
57.14282
55.70566
56.254967
57.2865
57.667526
55.195255
54.49685
55.0846
54.14801
55.99792
54.50033
53.621754
54.811134
54.86017
53.483986
55.36707
53.355545
53.60701
55.31928
53.972294
54.768494
53.47539
53.44673
52.809513
52.8521
55.035255
54.698513
53.79391
54.298977
52.68832
53.297535
53.35101
52.319485
54.894638
52.804874
52.791946
52.533703
54.351913
53.83868
54.848316
52.237003
54.70061
52.101746
53.116245
52.250412
58.284912
54.22764
52.296696
53.003258
52.482838
52.001694
52.989933
51.854004
51.787598
51.99651
51.778275
53.45372
51.87682
51.573826
52.455875
51.350636
51.998734
53.241467
51.350143
52.12905
51.624783
51.413647
51.409836
51.445507
50.99049
51.362865
51.160694
51.21687
51.590366
50.985035
50.927708
51.519333
50.78483
50.76619
50.650024
50.97522
50.79225
50.880394
50.80867
50.84923
51.79468
50.74249
50.842533
50.860306
51.303738
50.62756
50.662098
50.672977
51.149967
50.724777
50.640232
50.61614
50.926746
50.38995
50.763462
50.755245
50.79095
50.52915
50.723648
50.487133
50.914585
50.62692
51.030113
50.355946
50.492615
50.978104
50.25498
50.372005
50.286438
50.557373
50.680668
50.35393
50.504856
50.387257
50.32566
51.0479
50.255917
50.31461
50.219284
52.292553
50.326305
50.27307
50.12288
50.62824
50.09403
50.075073
50.098915
50.40195
50.612644
50.2
50.156395
50.480602
50.06751
50.063442
50.07792
50.591896
49.99385
49.937878
50.241848
50.005836
50.05913
49.82627
49.896107
50.00709
49.939552
50.938686
49.84167
50.106277
49.91772
49.88207
50.12681