707.4851
419.40515
361.34302
283.74475
369.0651
235.65518
247.13663
301.96655
208.33853
176.50063
183.28587
324.4048
224.71161
170.73846
180.50244
143.50911
353.3202
137.1712
149.47438
167.53778
136.89558
121.76952
124.781975
166.11414
176.86632
134.5201
143.80125
111.40078
104.28196
132.16829
142.63148
115.21581
98.97118
121.005585
94.63892
117.7134
116.4947
88.41378
110.35801
113.73709
91.817444
91.13912
94.46065
90.52264
109.08664
82.149895
81.12973
81.48742
83.49119
90.937904
92.68965
80.35709
105.96084
82.79953
107.66163
86.46887
80.37177
81.83957
115.18001
88.514725
76.94539
80.17001
96.147224
105.63947
72.63832
72.113365
91.02357
79.287056
74.00792
96.93784
76.56567
76.326836
75.47238
75.652405
74.28333
79.86954
71.72065
91.531425
69.251656
67.364006
69.289955
70.602325
70.969185
70.05935
68.27925
66.65402
66.01289
69.00738
87.861534
65.69586
65.75042
63.99956
66.667175
63.99739
65.650116
71.04344
70.82821
65.69244
83.20976
63.724777
66.22344
64.49361
65.07533
62.3526
77.29805
64.27715
62.166405
66.333496
62.737362
61.796608
62.994705
62.510353
61.120262
60.921085
64.779854
61.07018
66.07183
60.564114
60.212704
61.763218
60.99762
65.030075
60.896645
59.52214
59.494442
59.858677
64.06526
59.87185
61.520596
59.66898
59.072933
59.119553
59.32797
64.36594
60.103043
64.29815
58.3121
58.419495
57.81039
61.10986
58.478416
64.53983
58.91427
66.24737
58.36798
58.182377
60.522457
59.4825
57.369106
57.295654
58.09998
62.268665
57.606064
57.925148
57.254837
56.993618
58.42001
57.38546
57.69965
57.4246
57.094093
57.048122
56.315807
56.352566
56.93881
56.868923
59.591003
56.51012
56.38573
57.419388
56.550877
56.205128
57.457848
56.81096
56.074795
56.912964
55.989834
56.82689
55.73672
56.062023
56.289474
56.138035
55.53551
55.7996
55.96168
55.54612
55.788452
55.30735
55.362526
55.779556
55.797413
56.113197
55.157837
55.545864
55.948715
55.362976
55.341354
55.19153
55.14364
55.11938
55.207935
54.973392
54.94023
54.989502
55.174915
54.988827
55.400806
55.435165
55.18307
54.8446
54.98793
55.002213
54.759537
54.729507
55.004635
54.880062
54.96686
56.404484
54.84625
54.890568
54.58834
54.559555
55.743923
54.91022
54.686085
55.43326
54.53702
54.725193
54.42485
54.406994
54.576267
54.42128
54.25514
54.246532
54.140713
54.541443
54.208817
55.292496
54.361145
54.22207
54.483604
54.257023
53.965515
54.22076
54.00677
55.185947
54.239536
53.861244
54.459618
54.222668
54.429115
54.034103
53.832935
53.888554
53.997707
54.26732
53.763416
54.600834
53.9536
54.587326
53.94928
54.406124
53.96813
53.849697
54.091503
54.120373
53.688515
53.8877
53.80411
53.697556
54.093845
53.871403
53.659985
54.07565
53.791393
53.94372
53.825832
53.682278
54.909584
53.682438
53.754066
54.557823
55.1022
53.78802
53.743824
53.908066
53.49038
54.003807
53.52207
53.560623
53.515358
53.463966
53.788986
53.41831
53.560753
53.661404
53.365368
53.471127
53.45701
54.077957