682.39606
591.45355
293.6842
271.54718
251.33482
275.7794
204.28937
473.1654
174.40921
217.83902
162.94086
154.29517
162.8855
164.98117
144.43626
145.77832
153.53304
155.7059
129.67574
145.05644
135.06447
118.33723
123.9815
154.85838
110.388275
115.30642
155.00356
105.5654
104.46812
116.142044
97.97348
134.61224
104.764534
98.81826
102.44096
136.95775
98.170555
95.450165
109.03272
151.73384
95.65162
91.347404
98.66102
86.74899
123.54326
126.200874
136.79893
144.19989
230.2423
98.73876
160.33565
105.10656
108.58025
98.50078
111.73957
85.53308
92.39965
100.936615
93.27448
84.12493
92.9215
99.494194
89.64783
90.209435
80.657646
85.1099
86.72605
80.17359
86.48215
84.46088
87.671906
85.22408
76.89929
83.7269
104.053635
82.98789
96.64773
81.011894
75.827805
79.330536
108.06625
75.42843
78.06653
76.19682
89.04179
82.45466
91.87257
92.50164
70.90889
82.88429
71.76405
73.18499
89.32933
74.0735
80.456566
68.77795
69.956055
68.78544
67.71051
69.451004
69.73159
74.48893
83.70394
66.52636
74.7669
67.11053
65.84935
65.66871
66.9986
69.0493
66.25761
65.18523
66.14044
65.0055
64.582504
65.45291
65.608116
65.52778
69.53132
64.682335
66.63734
63.674305
64.3917
64.29864
63.543236
68.003365
64.14749
73.26963
64.46998
65.21276
63.362953
64.34772
63.241882
64.14527
65.38921
63.788784
68.0581
64.978065
62.84951
70.60033
62.10967
64.29031
62.209
65.71644
62.349655
65.74064
62.839317
62.040028
61.257286
61.768387
68.85253
62.899857
61.436806
62.509117
62.659912
61.29403
62.386623
61.317154
62.353214
61.950756
61.14612
61.745533
66.205925
62.719177
61.807644
61.519688
61.38824
60.991177
60.912315
64.62458
66.56939
61.79343
62.91317
60.881996
60.594753
61.982
60.75499
61.52098
60.718807
60.528538
62.557236
60.202587
60.963097
64.55041
59.93728
61.50748
60.291927
60.197464
60.35968
59.903736
63.19205
61.128506
59.96381
59.983948
59.780636
59.643112
59.649452
59.509464
59.575085
59.737206
60.016346
59.60665
59.653847
59.522213
59.59486
59.722973
59.43401
60.003117
59.497364
59.36151
59.589745
59.296413
59.403038
59.355507
60.189964
60.78021
59.65703
59.315258
59.24075
59.56111
59.4838
60.258873
59.321594
59.409557
59.380386
59.42744
59.039505
59.536545
59.024014
59.202835
59.07578
59.419273
59.014267
58.953323
59.051952
58.91671
59.20869
59.52816
62.010914
59.033558
58.955418
59.62905
59.005222
58.913162
59.045692
58.935463
58.91084
58.716225
58.768307
59.060337
58.661537
58.91895
59.08575
58.854427
60.320374
58.727524
58.601086
58.68367
58.62615
58.81155
58.679813
59.016354
58.974792
59.182312
59.693844
58.59775
59.061535
58.38866
58.507423
58.473446
59.994278
58.510643
58.852596
58.960815
58.931484
59.308704
58.641403
58.268826
58.287426
59.355972
58.351517
58.20625
58.323105
59.083652
58.387936
58.465122
60.681545
58.981567
58.18436
59.563328
58.831142
58.304283
58.260048
58.27108
58.123646
58.071327
59.30512
58.144665
58.998425
57.918617